100007090030020008009600500005300900010080002600004000300000010040000007007000300
300904001002000400061000790600247005000000000200836004046000230009000600500309008

1 0 0 0 0 7 0 9 0 0 3 0 0 2 0 0 0 8 0 0 9 6 0 0 5 0 0 0 0 5 3 0 0 9 0 0 0 1 0 0 8 0 0 0 2 6 0 0 0 0 4 0 0 0 3 0 0 0 0 0 0 1 0 0 4 0 0 0 0 0 0 7 0 0 7 0 0 0 3 0 0 

1 9 2 4 7 0 5 15 0 0 0 0 6 0 0 0 12 14 0 0 4 9 11 0 7 0 8 0 0 0 3 0 16 0 0 15 2 12 0 0 4 0 0 0 0 9 11 0 0 0 0 8 0 6 3 0 2 1 9 14 15 0 0 12 2 10 14 9 12 0 0 0 11 0 0 0 0 6 8 4 4 0 0 7 8 16 0 9 0 0 6 1 0 13 0 0 8 0 1 0 0 2 0 0 9 5 0 0 0 7 0 0 3 0 6 0 14 7 13 0 12 8 16 4 0 0 9 0 0 12 0 0 11 14 7 8 0 4 2 13 0 3 0 5 0 0 11 0 0 0 16 12 0 0 15 0 0 2 0 6 0 0 9 0 3 5 0 0 8 0 14 12 4 0 0 11 5 7 4 0 0 0 0 2 0 0 0 10 14 12 13 8 9 0 0 16 0 3 12 6 0 14 1 0 8 0 0 0 0 1 3 0 0 0 0 7 0 0 4 2 12 0 0 13 0 6 0 0 0 13 0 4 0 9 12 8 0 0 10 3 0 0 0 12 0 0 0 0 10 6 0 7 5 4 15 9 
13 4 2 8 0 0 0 0 7 1 0 0 0 0 0 0 12 14 5 0 0 0 7 6 0 4 13 11 0 8 1 0 0 0 0 15 3 2 4 0 8 0 12 0 0 0 0 0 7 6 3 11 0 0 10 0 0 0 16 15 14 9 4 0 0 13 0 4 0 0 2 0 0 0 0 0 0 0 0 0 15 8 0 9 4 0 6 7 0 0 0 0 11 13 14 0 2 7 14 6 8 9 11 12 0 0 0 0 0 0 0 5 3 10 0 0 0 0 0 0 0 0 0 0 0 0 0 4 8 0 0 0 0 0 0 0 0 0 0 0 0 0 2 10 11 0 0 0 0 0 0 0 13 16 6 4 5 12 3 15 0 16 7 13 0 0 0 0 5 3 0 8 1 0 9 11 0 0 0 0 0 0 0 0 0 11 0 0 13 0 8 0 0 12 10 16 5 11 0 0 0 9 0 0 3 7 15 8 0 0 0 0 0 3 0 1 0 2 14 10 16 0 0 0 0 11 6 0 15 10 16 0 3 7 0 0 0 1 13 2 0 0 0 0 0 0 13 4 0 0 0 0 12 11 10 14 

|---------|---------|---------|
| 1  6  2 | 8  5  7 | 4  9  3 |
| 5  3  4 | 1  2  9 | 6  7  8 |
| 7  8  9 | 6  4  3 | 5  2  1 |
|---------|---------|---------|
| 4  7  5 | 3  1  2 | 9  8  6 |
| 9  1  3 | 5  8  6 | 7  4  2 |
| 6  2  8 | 7  9  4 | 1  3  5 |
|---------|---------|---------|
| 3  5  6 | 4  7  8 | 2  1  9 |
| 2  4  1 | 9  3  5 | 8  6  7 |
| 8  9  7 | 2  6  1 | 3  5  4 |
|---------|---------|---------|